1877455846014
1234567890123
1980117926907
3732778383784
1213030465988
6302407806996
8798382319524
3012507575929
5394623659055
4674592983429
4260536200404
3862160279875
2707922896381
4684748166159
3748462559946
8548527924902
6088492608484
1378463340025
4609602230821
3717083844519
2652966748052
7548813650294
4161086042160
2235363513975
2005707519040
4028874859608
2776458893874
1877338109312
5186939376647
7195858744428
9428012003920
4136762220550
8190208971767
8205346797843
3285177882521
8327553810347
2737369291127
1710593947380
3152694693048
9259603204328
3341748369791
5818101791990
3747660375558
9619864757771
3244324037985
7783024217122
7479071700490
9121674383303
6324595229020
5963411187673
7503031459838
8468671005465
7849843845911
8757815518436
2448758936142
6326639744622
9537708723265
5397572362584
2650501455366
4794832736980
2222530619998
6963668400417
8470464849118
1700448067199
6446104853847
3064174716041
2311398058763
1432812804182
1033741324838
8711766441922
7518709312392
1153270240024
1337362973261
9883595225713
9149443747422
3677004214831
6665603244608
5196536587223
7261725265164
4888299278142
3065847735918
8220605806746
8786915065922
7459708745519
3868114223886
6669978545282
8128406725591
2860299857338
9883974222902
5467372803601
1211995700267
2265080311115
2436401060127
7800116690581
3647868639610
7247401679769
7161796660526
6814263034983
1218565636213
2803460310301